image: mapa2_rrt_exploration_1.pgm
resolution: 0.300000
origin: [-11.900000, -11.900000, 0.000000]
negate: 0
occupied_thresh: 0.65
free_thresh: 0.196

